# x   seno   coseno   amortiguada
0 0 1 0
0.0174533 0.0174524 0.999848 0.0696045
0.0349066 0.0348995 0.999391 0.138567
0.0523599 0.052336 0.99863 0.206555
0.0698132 0.0697565 0.997564 0.273242
0.0872665 0.0871557 0.996195 0.33831
0.10472 0.104528 0.994522 0.401447
0.122173 0.121869 0.992546 0.462356
0.139626 0.139173 0.990268 0.520751
0.15708 0.156434 0.987688 0.576357
0.174533 0.173648 0.984808 0.628916
0.191986 0.190809 0.981627 0.678186
0.20944 0.207912 0.978148 0.723942
0.226893 0.224951 0.97437 0.765975
0.244346 0.241922 0.970296 0.804099
0.261799 0.258819 0.965926 0.838143
0.279253 0.275637 0.961262 0.867961
0.296706 0.292372 0.956305 0.893426
0.314159 0.309017 0.951057 0.914432
0.331613 0.325568 0.945519 0.930898
0.349066 0.34202 0.939693 0.942761
0.366519 0.358368 0.93358 0.949986
0.383972 0.374607 0.927184 0.952556
0.401426 0.390731 0.920505 0.950481
0.418879 0.406737 0.913545 0.943789
0.436332 0.422618 0.906308 0.932533
0.453786 0.438371 0.898794 0.916789
0.471239 0.45399 0.891007 0.896653
0.488692 0.469472 0.882948 0.872241
0.506145 0.48481 0.87462 0.843691
0.523599 0.5 0.866025 0.811159
0.541052 0.515038 0.857167 0.774822
0.558505 0.529919 0.848048 0.734874
0.575959 0.544639 0.838671 0.691523
0.593412 0.559193 0.829038 0.644996
0.610865 0.573576 0.819152 0.595533
0.628319 0.587785 0.809017 0.543387
0.645772 0.601815 0.798636 0.488824
0.663225 0.615661 0.788011 0.432121
0.680678 0.62932 0.777146 0.373561
0.698132 0.642788 0.766044 0.313439
0.715585 0.656059 0.75471 0.252053
0.733038 0.669131 0.743145 0.189708
0.750492 0.681998 0.731354 0.126711
0.767945 0.694658 0.71934 0.0633717
0.785398 0.707107 0.707107 1.11013e-16
0.802851 0.71934 0.694658 -0.0630958
0.820305 0.731354 0.681998 -0.12561
0.837758 0.743145 0.669131 -0.18724
0.855211 0.75471 0.656059 -0.247692
0.872665 0.766044 0.642788 -0.306674
0.890118 0.777146 0.62932 -0.363908
0.907571 0.788011 0.615661 -0.419122
0.925025 0.798636 0.601815 -0.472056
0.942478 0.809017 0.587785 -0.522462
0.959931 0.819152 0.573576 -0.570106
0.977384 0.829038 0.559193 -0.614769
0.994838 0.838671 0.544639 -0.656246
1.01229 0.848048 0.529919 -0.694349
1.02974 0.857167 0.515038 -0.728908
1.0472 0.866025 0.5 -0.759769
1.06465 0.87462 0.48481 -0.786799
1.0821 0.882948 0.469472 -0.809882
1.09956 0.891007 0.45399 -0.828924
1.11701 0.898794 0.438371 -0.84385
1.13446 0.906308 0.422618 -0.854604
1.15192 0.913545 0.406737 -0.861153
1.16937 0.920505 0.390731 -0.863483
1.18682 0.927184 0.374607 -0.861602
1.20428 0.93358 0.358368 -0.855535
1.22173 0.939693 0.34202 -0.845333
1.23918 0.945519 0.325568 -0.831061
1.25664 0.951057 0.309017 -0.812807
1.27409 0.956305 0.292372 -0.790678
1.29154 0.961262 0.275637 -0.764797
1.309 0.965926 0.258819 -0.735308
1.32645 0.970296 0.241922 -0.702369
1.3439 0.97437 0.224951 -0.666156
1.36136 0.978148 0.207912 -0.626859
1.37881 0.981627 0.190809 -0.584682
1.39626 0.984808 0.173648 -0.539845
1.41372 0.987688 0.156434 -0.492575
1.43117 0.990268 0.139173 -0.443115
1.44862 0.992546 0.121869 -0.391713
1.46608 0.994522 0.104528 -0.338629
1.48353 0.996195 0.0871557 -0.284129
1.50098 0.997564 0.0697565 -0.228483
1.51844 0.99863 0.052336 -0.171968
1.53589 0.999391 0.0348995 -0.114862
1.55334 0.999848 0.0174524 -0.0574458
1.5708 1 6.12323e-17 -2.01265e-16
1.58825 0.999848 -0.0174524 0.0571957
1.6057 0.999391 -0.0348995 0.113864
1.62316 0.99863 -0.052336 0.169732
1.64061 0.997564 -0.0697565 0.22453
1.65806 0.996195 -0.0871557 0.277997
1.67552 0.994522 -0.104528 0.329879
1.69297 0.992546 -0.121869 0.37993
1.71042 0.990268 -0.139173 0.427914
1.72788 0.987688 -0.156434 0.473607
1.74533 0.984808 -0.173648 0.516796
1.76278 0.981627 -0.190809 0.557283
1.78024 0.978148 -0.207912 0.594881
1.79769 0.97437 -0.224951 0.629421
1.81514 0.970296 -0.241922 0.660748
1.8326 0.965926 -0.258819 0.688723
1.85005 0.961262 -0.275637 0.713226
1.8675 0.956305 -0.292372 0.734151
1.88496 0.951057 -0.309017 0.751412
1.90241 0.945519 -0.325568 0.764942
1.91986 0.939693 -0.34202 0.774691
1.93732 0.93358 -0.358368 0.780627
1.95477 0.927184 -0.374607 0.782739
1.97222 0.920505 -0.390731 0.781034
1.98968 0.913545 -0.406737 0.775535
2.00713 0.906308 -0.422618 0.766286
2.02458 0.898794 -0.438371 0.753349
2.04204 0.891007 -0.45399 0.736802
2.05949 0.882948 -0.469472 0.716742
2.07694 0.87462 -0.48481 0.693282
2.0944 0.866025 -0.5 0.66655
2.11185 0.857167 -0.515038 0.636691
2.1293 0.848048 -0.529919 0.603864
2.14675 0.838671 -0.544639 0.568242
2.16421 0.829038 -0.559193 0.530009
2.18166 0.819152 -0.573576 0.489364
2.19911 0.809017 -0.587785 0.446515
2.21657 0.798636 -0.601815 0.401679
2.23402 0.788011 -0.615661 0.355084
2.25147 0.777146 -0.62932 0.306964
2.26893 0.766044 -0.642788 0.25756
2.28638 0.75471 -0.656059 0.207118
2.30383 0.743145 -0.669131 0.155887
2.32129 0.731354 -0.681998 0.104121
2.33874 0.71934 -0.694658 0.0520741
2.35619 0.707107 -0.707107 2.73667e-16
2.37365 0.694658 -0.71934 -0.0518474
2.3911 0.681998 -0.731354 -0.103217
2.40855 0.669131 -0.743145 -0.15386
2.42601 0.656059 -0.75471 -0.203534
2.44346 0.642788 -0.766044 -0.252002
2.46091 0.62932 -0.777146 -0.299032
2.47837 0.615661 -0.788011 -0.344403
2.49582 0.601815 -0.798636 -0.3879
2.51327 0.587785 -0.809017 -0.42932
2.53073 0.573576 -0.819152 -0.468471
2.54818 0.559193 -0.829038 -0.505171
2.56563 0.544639 -0.838671 -0.539254
2.58309 0.529919 -0.848048 -0.570564
2.60054 0.515038 -0.857167 -0.598962
2.61799 0.5 -0.866025 -0.624321
2.63545 0.48481 -0.87462 -0.646532
2.6529 0.469472 -0.882948 -0.6655
2.67035 0.45399 -0.891007 -0.681148
2.68781 0.438371 -0.898794 -0.693412
2.70526 0.422618 -0.906308 -0.70225
2.72271 0.406737 -0.913545 -0.707631
2.74017 0.390731 -0.920505 -0.709546
2.75762 0.374607 -0.927184 -0.708
2.77507 0.358368 -0.93358 -0.703015
2.79253 0.34202 -0.939693 -0.694631
2.80998 0.325568 -0.945519 -0.682903
2.82743 0.309017 -0.951057 -0.667904
2.84489 0.292372 -0.956305 -0.64972
2.86234 0.275637 -0.961262 -0.628453
2.87979 0.258819 -0.965926 -0.604221
2.89725 0.241922 -0.970296 -0.577154
2.9147 0.224951 -0.97437 -0.547397
2.93215 0.207912 -0.978148 -0.515106
2.94961 0.190809 -0.981627 -0.480448
2.96706 0.173648 -0.984808 -0.443604
2.98451 0.156434 -0.987688 -0.404761
3.00197 0.139173 -0.990268 -0.364118
3.01942 0.121869 -0.992546 -0.32188
3.03687 0.104528 -0.994522 -0.27826
3.05433 0.0871557 -0.996195 -0.233476
3.07178 0.0697565 -0.997564 -0.18775
3.08923 0.052336 -0.99863 -0.14131
3.10669 0.0348995 -0.999391 -0.0943851
3.12414 0.0174524 -0.999848 -0.0472047
3.14159 1.22465e-16 -1 -3.30768e-16
3.15905 -0.0174524 -0.999848 0.0469991
3.1765 -0.0348995 -0.999391 0.093565
3.19395 -0.052336 -0.99863 0.139473
3.21141 -0.0697565 -0.997564 0.184502
3.22886 -0.0871557 -0.996195 0.228437
3.24631 -0.104528 -0.994522 0.27107
3.26377 -0.121869 -0.992546 0.312198
3.28122 -0.139173 -0.990268 0.351627
3.29867 -0.156434 -0.987688 0.389174
3.31613 -0.173648 -0.984808 0.424664
3.33358 -0.190809 -0.981627 0.457933
3.35103 -0.207912 -0.978148 0.488829
3.36849 -0.224951 -0.97437 0.517211
3.38594 -0.241922 -0.970296 0.542953
3.40339 -0.258819 -0.965926 0.565941
3.42085 -0.275637 -0.961262 0.586075
3.4383 -0.292372 -0.956305 0.60327
3.45575 -0.309017 -0.951057 0.617454
3.47321 -0.325568 -0.945519 0.628572
3.49066 -0.34202 -0.939693 0.636583
3.50811 -0.358368 -0.93358 0.641461
3.52557 -0.374607 -0.927184 0.643197
3.54302 -0.390731 -0.920505 0.641795
3.56047 -0.406737 -0.913545 0.637276
3.57792 -0.422618 -0.906308 0.629676
3.59538 -0.438371 -0.898794 0.619045
3.61283 -0.45399 -0.891007 0.605449
3.63028 -0.469472 -0.882948 0.588965
3.64774 -0.48481 -0.87462 0.569687
3.66519 -0.5 -0.866025 0.547721
3.68264 -0.515038 -0.857167 0.523185
3.7001 -0.529919 -0.848048 0.49621
3.71755 -0.544639 -0.838671 0.466938
3.735 -0.559193 -0.829038 0.435522
3.75246 -0.573576 -0.819152 0.402123
3.76991 -0.587785 -0.809017 0.366912
3.78736 -0.601815 -0.798636 0.33007
3.80482 -0.615661 -0.788011 0.291782
3.82227 -0.62932 -0.777146 0.25224
3.83972 -0.642788 -0.766044 0.211644
3.85718 -0.656059 -0.75471 0.170194
3.87463 -0.669131 -0.743145 0.128097
3.89208 -0.681998 -0.731354 0.0855592
3.90954 -0.694658 -0.71934 0.0427906
3.92699 -0.707107 -0.707107 3.74798e-16
3.94444 -0.71934 -0.694658 -0.0426043
3.9619 -0.731354 -0.681998 -0.0848158
3.97935 -0.743145 -0.669131 -0.126431
3.9968 -0.75471 -0.656059 -0.167249
4.01426 -0.766044 -0.642788 -0.207076
4.03171 -0.777146 -0.62932 -0.245722
4.04916 -0.788011 -0.615661 -0.283004
4.06662 -0.798636 -0.601815 -0.318747
4.08407 -0.809017 -0.587785 -0.352783
4.10152 -0.819152 -0.573576 -0.384954
4.11898 -0.829038 -0.559193 -0.415112
4.13643 -0.838671 -0.544639 -0.443118
4.15388 -0.848048 -0.529919 -0.468847
4.17134 -0.857167 -0.515038 -0.492182
4.18879 -0.866025 -0.5 -0.51302
4.20624 -0.87462 -0.48481 -0.531272
4.2237 -0.882948 -0.469472 -0.546858
4.24115 -0.891007 -0.45399 -0.559716
4.2586 -0.898794 -0.438371 -0.569794
4.27606 -0.906308 -0.422618 -0.577056
4.29351 -0.913545 -0.406737 -0.581478
4.31096 -0.920505 -0.390731 -0.583051
4.32842 -0.927184 -0.374607 -0.581781
4.34587 -0.93358 -0.358368 -0.577685
4.36332 -0.939693 -0.34202 -0.570796
4.38078 -0.945519 -0.325568 -0.561159
4.39823 -0.951057 -0.309017 -0.548833
4.41568 -0.956305 -0.292372 -0.533891
4.43314 -0.961262 -0.275637 -0.516416
4.45059 -0.965926 -0.258819 -0.496504
4.46804 -0.970296 -0.241922 -0.474262
4.4855 -0.97437 -0.224951 -0.44981
4.50295 -0.978148 -0.207912 -0.423275
4.5204 -0.981627 -0.190809 -0.394796
4.53786 -0.984808 -0.173648 -0.36452
4.55531 -0.987688 -0.156434 -0.332602
4.57276 -0.990268 -0.139173 -0.299205
4.59022 -0.992546 -0.121869 -0.264497
4.60767 -0.994522 -0.104528 -0.228653
4.62512 -0.996195 -0.0871557 -0.191853
4.64258 -0.997564 -0.0697565 -0.154279
4.66003 -0.99863 -0.052336 -0.116118
4.67748 -0.999391 -0.0348995 -0.0775586
4.69494 -0.999848 -0.0174524 -0.0387893
4.71239 -1 -1.83697e-16 -4.07701e-16
4.72984 -0.999848 0.0174524 0.0386204
4.7473 -0.999391 0.0348995 0.0768847
4.76475 -0.99863 0.052336 0.114608
4.7822 -0.997564 0.0697565 0.15161
4.79966 -0.996195 0.0871557 0.187713
4.81711 -0.994522 0.104528 0.222745
4.83456 -0.992546 0.121869 0.256541
4.85202 -0.990268 0.139173 0.288941
4.86947 -0.987688 0.156434 0.319794
4.88692 -0.984808 0.173648 0.348957
4.90438 -0.981627 0.190809 0.376295
4.92183 -0.978148 0.207912 0.401683
4.93928 -0.97437 0.224951 0.425005
4.95674 -0.970296 0.241922 0.446158
4.97419 -0.965926 0.258819 0.465048
4.99164 -0.961262 0.275637 0.481593
5.00909 -0.956305 0.292372 0.495722
5.02655 -0.951057 0.309017 0.507377
5.044 -0.945519 0.325568 0.516513
5.06145 -0.939693 0.34202 0.523096
5.07891 -0.93358 0.358368 0.527104
5.09636 -0.927184 0.374607 0.528531
5.11381 -0.920505 0.390731 0.527379
5.13127 -0.913545 0.406737 0.523666
5.14872 -0.906308 0.422618 0.517421
5.16617 -0.898794 0.438371 0.508685
5.18363 -0.891007 0.45399 0.497512
5.20108 -0.882948 0.469472 0.483967
5.21853 -0.87462 0.48481 0.468126
5.23599 -0.866025 0.5 0.450076
5.25344 -0.857167 0.515038 0.429914
5.27089 -0.848048 0.529919 0.407748
5.28835 -0.838671 0.544639 0.383695
5.3058 -0.829038 0.559193 0.357879
5.32325 -0.819152 0.573576 0.330434
5.34071 -0.809017 0.587785 0.301501
5.35816 -0.798636 0.601815 0.271227
5.37561 -0.788011 0.615661 0.239764
5.39307 -0.777146 0.62932 0.207272
5.41052 -0.766044 0.642788 0.173913
5.42797 -0.75471 0.656059 0.139853
5.44543 -0.743145 0.669131 0.10526
5.46288 -0.731354 0.681998 0.0703061
5.48033 -0.71934 0.694658 0.0351621
5.49779 -0.707107 0.707107 4.31173e-16
5.51524 -0.694658 0.71934 -0.035009
5.53269 -0.681998 0.731354 -0.0696952
5.55015 -0.669131 0.743145 -0.103891
5.5676 -0.656059 0.75471 -0.137433
5.58505 -0.642788 0.766044 -0.17016
5.60251 -0.62932 0.777146 -0.201916
5.61996 -0.615661 0.788011 -0.232552
5.63741 -0.601815 0.798636 -0.261922
5.65487 -0.587785 0.809017 -0.289891
5.67232 -0.573576 0.819152 -0.316326
5.68977 -0.559193 0.829038 -0.341108
5.70723 -0.544639 0.838671 -0.364122
5.72468 -0.529919 0.848048 -0.385263
5.74213 -0.515038 0.857167 -0.404438
5.75959 -0.5 0.866025 -0.421562
5.77704 -0.48481 0.87462 -0.436559
5.79449 -0.469472 0.882948 -0.449367
5.81195 -0.45399 0.891007 -0.459933
5.8294 -0.438371 0.898794 -0.468214
5.84685 -0.422618 0.906308 -0.474181
5.86431 -0.406737 0.913545 -0.477815
5.88176 -0.390731 0.920505 -0.479108
5.89921 -0.374607 0.927184 -0.478064
5.91667 -0.358368 0.93358 -0.474698
5.93412 -0.34202 0.939693 -0.469037
5.95157 -0.325568 0.945519 -0.461118
5.96903 -0.309017 0.951057 -0.45099
5.98648 -0.292372 0.956305 -0.438711
6.00393 -0.275637 0.961262 -0.424352
6.02139 -0.258819 0.965926 -0.407989
6.03884 -0.241922 0.970296 -0.389713
6.05629 -0.224951 0.97437 -0.36962
6.07375 -0.207912 0.978148 -0.347816
6.0912 -0.190809 0.981627 -0.324414
6.10865 -0.173648 0.984808 -0.299535
6.12611 -0.156434 0.987688 -0.273308
6.14356 -0.139173 0.990268 -0.245864
6.16101 -0.121869 0.992546 -0.217344
6.17847 -0.104528 0.994522 -0.18789
6.19592 -0.0871557 0.996195 -0.15765
6.21337 -0.0697565 0.997564 -0.126775
6.23083 -0.052336 0.99863 -0.0954173
6.24828 -0.0348995 0.999391 -0.0637318
6.26573 -0.0174524 0.999848 -0.0318741
6.28319 -2.44929e-16 1 -4.46691e-16
